Date,Cases,Deaths
2020-01-22,0,0
2020-01-23,0,0
2020-01-24,0,0
2020-01-25,0,0
2020-01-26,0,0
2020-01-27,0,0
2020-01-28,0,0
2020-01-29,0,0
2020-01-30,0,0
2020-01-31,0,0
2020-02-01,0,0
2020-02-02,0,0
2020-02-03,0,0
2020-02-04,0,0
2020-02-05,0,0
2020-02-06,0,0
2020-02-07,0,0
2020-02-08,0,0
2020-02-09,0,0
2020-02-10,0,0
2020-02-11,0,0
2020-02-12,0,0
2020-02-13,0,0
2020-02-14,0,0
2020-02-15,0,0
2020-02-16,0,0
2020-02-17,0,0
2020-02-18,0,0
2020-02-19,0,0
2020-02-20,0,0
2020-02-21,0,0
2020-02-22,0,0
2020-02-23,0,0
2020-02-24,0,0
2020-02-25,0,0
2020-02-26,0,0
2020-02-27,0,0
2020-02-28,0,0
2020-02-29,1,1
2020-03-01,1,0
2020-03-02,6,5
2020-03-03,7,1
2020-03-04,11,4
2020-03-05,12,1
2020-03-06,14,2
2020-03-07,17,3
2020-03-08,21,4
2020-03-09,22,1
2020-03-10,28,6
2020-03-11,33,5
2020-03-12,43,10
2020-03-13,51,8
2020-03-14,58,7
2020-03-15,70,12
2020-03-16,97,27
2020-03-17,134,37
2020-03-18,194,60
2020-03-19,266,72
2020-03-20,372,106
2020-03-21,475,103
2020-03-22,598,123
2020-03-23,790,192
2020-03-24,1033,243
2020-03-25,1366,333
2020-03-26,1785,419
2020-03-27,2307,522
2020-03-28,2949,642
2020-03-29,3573,624
2020-03-30,4286,713
2020-03-31,5371,1085
2020-04-01,6654,1283
2020-04-02,8167,1513
2020-04-03,9599,1432
2020-04-04,11166,1567
2020-04-05,12781,1615
2020-04-06,14553,1772
2020-04-07,17127,2574
2020-04-08,19288,2161
2020-04-09,21497,2209
2020-04-10,23694,2197
2020-04-11,25819,2125
2020-04-12,27694,1875
2020-04-13,29709,2015
2020-04-14,32149,2440
2020-04-15,34761,2612
2020-04-16,36916,2155
2020-04-17,39029,2113
2020-04-18,41002,1973
2020-04-19,42978,1976
2020-04-20,45213,2235
2020-04-21,47715,2502
2020-04-22,50180,2465
2020-04-23,52641,2461
2020-04-24,54827,2186
2020-04-25,56545,1718
2020-04-26,57949,1404
2020-04-27,59468,1519
2020-04-28,61694,2226
2020-04-29,64100,2406
2020-04-30,66291,2191
2020-05-01,68205,1914
2020-05-02,69935,1730
2020-05-03,71132,1197
2020-05-04,72521,1389
2020-05-05,74737,2216
2020-05-06,77046,2309
2020-05-07,78971,1925
2020-05-08,80730,1759
2020-05-09,82193,1463
2020-05-10,83180,987
2020-05-11,84224,1044
2020-05-12,85822,1598
2020-05-13,87545,1723
2020-05-14,89328,1783
2020-05-15,90995,1667
2020-05-16,92196,1201
2020-05-17,93021,825
2020-05-18,94243,1222
2020-05-19,95702,1459
2020-05-20,97202,1500
2020-05-21,98389,1187
2020-05-22,99609,1220
2020-05-23,100697,1088
2020-05-24,101337,640
2020-05-25,101934,597
2020-05-26,102612,678
2020-05-27,104069,1457
2020-05-28,105162,1093
2020-05-29,106291,1129
2020-05-30,107245,954
2020-05-31,107861,616
2020-06-01,108639,778
2020-06-02,109619,980
2020-06-03,110627,1008
2020-06-04,111633,1006
2020-06-05,112523,890
2020-06-06,113165,642
2020-06-07,113625,460
2020-06-08,114133,508
2020-06-09,115041,908
2020-06-10,115919,878
2020-06-11,116750,831
2020-06-12,117578,828
2020-06-13,118315,737
2020-06-14,118663,348
2020-06-15,119059,396
2020-06-16,119871,812
2020-06-17,120610,739
2020-06-18,121298,688
2020-06-19,121926,628
2020-06-20,122484,558
2020-06-21,122802,318
2020-06-22,123210,408
2020-06-23,123959,749
2020-06-24,124695,736
2020-06-25,125232,537
2020-06-26,125860,628
2020-06-27,126363,503
2020-06-28,126682,319
2020-06-29,127068,386
2020-06-30,127623,555
2020-07-01,128325,702
2020-07-02,129035,710
2020-07-03,129705,670
2020-07-04,130020,315
2020-07-05,130346,326
2020-07-06,130723,377
2020-07-07,131884,1161
2020-07-08,132707,823
2020-07-09,133727,1020
2020-07-10,134543,816
2020-07-11,135272,729
2020-07-12,135744,472
2020-07-13,136192,448
2020-07-14,137121,929
2020-07-15,138095,974
2020-07-16,139050,955
2020-07-17,139975,925
2020-07-18,140833,858
2020-07-19,141318,485
2020-07-20,141881,563
2020-07-21,142966,1085
2020-07-22,144191,1225
2020-07-23,145261,1070
2020-07-24,146367,1106
2020-07-25,147298,931
2020-07-26,147829,531
2020-07-27,148956,1127
2020-07-28,150287,1331
2020-07-29,151698,1411
2020-07-30,152929,1231
2020-07-31,154164,1235
2020-08-01,155257,1093
2020-08-02,155694,437
2020-08-03,156276,582
2020-08-04,157558,1282
2020-08-05,158997,1439
2020-08-06,160242,1245
2020-08-07,161479,1237
2020-08-08,162557,1078
2020-08-09,163081,524
2020-08-10,163716,635
2020-08-11,164736,1020
2020-08-12,166234,1498
2020-08-13,167302,1068
2020-08-14,168639,1337
2020-08-15,169639,1000
2020-08-16,170257,618
2020-08-17,170750,493
2020-08-18,171977,1227
2020-08-19,173315,1338
2020-08-20,174419,1104
2020-08-21,175510,1091
2020-08-22,176419,909
2020-08-23,176964,545
2020-08-24,177439,475
2020-08-25,178674,1235
2020-08-26,179838,1164
2020-08-27,180953,1115
2020-08-28,181930,977
2020-08-29,182832,902
2020-08-30,183286,454
2020-08-31,183827,541
2020-09-01,184855,1028
2020-09-02,185933,1078
2020-09-03,186970,1037
2020-09-04,187927,957
2020-09-05,188689,762
2020-09-06,189159,470
2020-09-07,189455,296
2020-09-08,189906,451
2020-09-09,191066,1160
2020-09-10,191982,916
2020-09-11,193157,1175
2020-09-12,193859,702
2020-09-13,194295,436
2020-09-14,194727,432
2020-09-15,195928,1201
2020-09-16,196884,956
2020-09-17,197745,861
2020-09-18,198639,894
2020-09-19,199373,734
2020-09-20,199639,266
2020-09-21,200064,425
2020-09-22,201097,1033
2020-09-23,202152,1055
2020-09-24,203051,899
2020-09-25,203995,944
2020-09-26,204763,768
2020-09-27,205078,315
2020-09-28,205436,358
2020-09-29,206270,834
2020-09-30,207226,956
2020-10-01,208100,874
2020-10-02,208961,861
2020-10-03,209645,684
2020-10-04,210026,381
2020-10-05,210506,480
2020-10-06,211192,686
2020-10-07,212118,926
2020-10-08,213107,989
2020-10-09,214072,965
2020-10-10,214731,659
2020-10-11,215202,471
2020-10-12,215597,395
2020-10-13,216393,796
2020-10-14,217382,989
2020-10-15,218232,850
2020-10-16,219170,938
2020-10-17,219933,763
2020-10-18,220426,493
2020-10-19,220905,479
2020-10-20,221829,924
2020-10-21,222949,1120
2020-10-22,223863,914
2020-10-23,224828,965
2020-10-24,225779,951
2020-10-25,226241,462
2020-10-26,226774,533
2020-10-27,227747,973
2020-10-28,228781,1034
2020-10-29,229785,1004
2020-10-30,230844,1059
2020-10-31,231754,910
2020-11-01,232250,496
2020-11-02,232824,574
2020-11-03,234402,1578
2020-11-04,235518,1116
2020-11-05,236674,1156
2020-11-06,237911,1237
2020-11-07,238992,1081
2020-11-08,239564,572
2020-11-09,240343,779
2020-11-10,241762,1419
2020-11-11,243198,1436
2020-11-12,244405,1207
2020-11-13,245605,1200
2020-11-14,246953,1348
2020-11-15,247731,778
2020-11-16,248565,834
2020-11-17,250284,1719
2020-11-18,252203,1919
2020-11-19,254260,2057
2020-11-20,256217,1957
2020-11-21,257837,1620
2020-11-22,258873,1036
2020-11-23,259972,1099
2020-11-24,262103,2131
2020-11-25,264362,2259
2020-11-26,265750,1388
2020-11-27,267301,1551
2020-11-28,268666,1365
2020-11-29,269705,1039
2020-11-30,271053,1348
2020-12-01,273603,2550
2020-12-02,276421,2818
2020-12-03,279364,2943
2020-12-04,282064,2700
2020-12-05,284422,2358
2020-12-06,285774,1352
2020-12-07,287381,1607
2020-12-08,290003,2622
2020-12-09,293180,3177
2020-12-10,296176,2996
2020-12-11,299586,3410
2020-12-12,302056,2470
2020-12-13,303690,1634
2020-12-14,305346,1656
2020-12-15,308468,3122
2020-12-16,312137,3669
2020-12-17,315636,3499
2020-12-18,318602,2966
2020-12-19,321265,2663
2020-12-20,322988,1723
2020-12-21,324911,1923
2020-12-22,328321,3410
2020-12-23,331756,3435
2020-12-24,334653,2897
2020-12-25,336086,1433
2020-12-26,337975,1889
2020-12-27,339411,1436
2020-12-28,341419,2008
2020-12-29,345052,3633
2020-12-30,348783,3731
2020-12-31,352271,3488
2021-01-01,354428,2157
2021-01-02,356940,2512
2021-01-03,358394,1454
2021-01-04,360484,2090
2021-01-05,364197,3713
2021-01-06,368103,3906
2021-01-07,372096,3993
2021-01-08,376208,4112
2021-01-09,379532,3324
2021-01-10,381535,2003
2021-01-11,383642,2107
2021-01-12,388119,4477
2021-01-13,392130,4011
2021-01-14,396120,3990
2021-01-15,400013,3893
2021-01-16,403423,3410
2021-01-17,405324,1901
2021-01-18,406859,1535
2021-01-19,409582,2723
2021-01-20,413989,4407
2021-01-21,418198,4209
2021-01-22,422043,3845
2021-01-23,425390,3347
2021-01-24,427290,1900
2021-01-25,429268,1978
2021-01-26,433278,4010
2021-01-27,437241,3963
2021-01-28,441238,3997
2021-01-29,444869,3631
2021-01-30,447658,2789
2021-01-31,449515,1857
2021-02-01,451587,2072
2021-02-02,455019,3432
2021-02-03,458923,3904
2021-02-04,462661,3738
2021-02-05,466349,3688
2021-02-06,468990,2641
2021-02-07,470429,1439
2021-02-08,472048,1619
2021-02-09,475118,3070
2021-02-10,478418,3300
2021-02-11,481631,3213
2021-02-12,484551,2920
2021-02-13,486749,2198
2021-02-14,487913,1164
2021-02-15,488872,959
2021-02-16,490623,1751
2021-02-17,493030,2407
2021-02-18,495550,2520
2021-02-19,498172,2622
2021-02-20,499991,1819
2021-02-21,501242,1251
2021-02-22,502566,1324
2021-02-23,504840,2274
2021-02-24,508015,3175
2021-02-25,510460,2445
2021-02-26,512531,2071
2021-02-27,514047,1516
2021-02-28,515142,1095
2021-03-01,516663,1521
2021-03-02,518611,1948
2021-03-03,521095,2484
2021-03-04,523037,1942
2021-03-05,524819,1782
2021-03-06,526327,1508
2021-03-07,527027,700
2021-03-08,527769,742
2021-03-09,529577,1808
2021-03-10,531150,1573
2021-03-11,532712,1562
2021-03-12,534280,1568
2021-03-13,535280,1000
2021-03-14,535862,582
2021-03-15,536619,757
2021-03-16,537799,1180
2021-03-17,539035,1236
2021-03-18,540699,1664
2021-03-19,541848,1149
2021-03-20,542594,746
2021-03-21,543035,441
2021-03-22,543754,719
2021-03-23,544631,877
2021-03-24,546140,1509
2021-03-25,547551,1411
2021-03-26,548703,1152
2021-03-27,549491,788
2021-03-28,550015,524
2021-03-29,550729,714
2021-03-30,551616,887
2021-03-31,552709,1093
2021-04-01,553785,1076
2021-04-02,554738,953
2021-04-03,555476,738
2021-04-04,555771,295
2021-04-05,556290,519
2021-04-06,557153,863
2021-04-07,559745,2592
2021-04-08,560768,1023
2021-04-09,561659,891
2021-04-10,562378,719
2021-04-11,562680,302
2021-04-12,563159,479
2021-04-13,563994,835
2021-04-14,564968,974
2021-04-15,565872,904
2021-04-16,566742,870
2021-04-17,567439,697
2021-04-18,567776,337
2021-04-19,568279,503
2021-04-20,569119,840
2021-04-21,569977,858
2021-04-22,570941,964
2021-04-23,571724,783
2021-04-24,572473,749
2021-04-25,572765,292
2021-04-26,573260,495
2021-04-27,573915,655
2021-04-28,574881,966
2021-04-29,575752,871
2021-04-30,576500,748
2021-05-01,577225,725
2021-05-02,577569,344
2021-05-03,578070,501
2021-05-04,578958,888
2021-05-05,579751,793
2021-05-06,580552,801
2021-05-07,581308,756
2021-05-08,581933,625
2021-05-09,582178,245
2021-05-10,582591,413
2021-05-11,583274,683
2021-05-12,584132,858
2021-05-13,584946,814
2021-05-14,585605,659
2021-05-15,586092,487
2021-05-16,586366,274
2021-05-17,586764,398
2021-05-18,587533,769
2021-05-19,588194,661
2021-05-20,588869,675
2021-05-21,589481,612
2021-05-22,589967,486
2021-05-23,590158,191
2021-05-24,590595,437
2021-05-25,591218,623
2021-05-26,592183,965
2021-05-27,593524,1341
2021-05-28,594092,568
2021-05-29,594436,344
2021-05-30,594562,126
2021-05-31,594704,142
2021-06-01,595342,638
2021-06-02,595890,548
2021-06-03,596491,601
2021-06-04,597001,510
2021-06-05,597377,376
2021-06-06,597628,251
2021-06-07,597952,324
2021-06-08,598332,380
2021-06-09,598764,432
